(kicad_pcb (version 20171130) (host pcbnew "(5.1.12)-1")

  (general
    (thickness 1.6)
    (drawings 33)
    (tracks 707)
    (zones 0)
    (modules 48)
    (nets 47)
  )

  (page A4)
  (layers
    (0 F.Cu signal)
    (1 In1.Cu signal)
    (2 In2.Cu signal)
    (31 B.Cu signal)
    (32 B.Adhes user)
    (33 F.Adhes user)
    (34 B.Paste user)
    (35 F.Paste user)
    (36 B.SilkS user)
    (37 F.SilkS user)
    (38 B.Mask user)
    (39 F.Mask user)
    (40 Dwgs.User user)
    (41 Cmts.User user)
    (42 Eco1.User user)
    (43 Eco2.User user)
    (44 Edge.Cuts user)
    (45 Margin user)
    (46 B.CrtYd user)
    (47 F.CrtYd user)
    (48 B.Fab user)
    (49 F.Fab user)
  )

  (setup
    (last_trace_width 0.25)
    (trace_clearance 0.2)
    (zone_clearance 0.508)
    (zone_45_only no)
    (trace_min 0.2)
    (via_size 0.8)
    (via_drill 0.4)
    (via_min_size 0.4)
    (via_min_drill 0.3)
    (uvia_size 0.3)
    (uvia_drill 0.1)
    (uvias_allowed no)
    (uvia_min_size 0.2)
    (uvia_min_drill 0.1)
    (edge_width 0.05)
    (segment_width 0.2)
    (pcb_text_width 0.3)
    (pcb_text_size 1.5 1.5)
    (mod_edge_width 0.12)
    (mod_text_size 1 1)
    (mod_text_width 0.15)
    (pad_size 1.524 1.524)
    (pad_drill 0.762)
    (pad_to_mask_clearance 0)
    (aux_axis_origin 0 0)
    (visible_elements 7FFFFFFF)
    (pcbplotparams
      (layerselection 0x010fc_ffffffff)
      (usegerberextensions false)
      (usegerberattributes true)
      (usegerberadvancedattributes true)
      (creategerberjobfile true)
      (excludeedgelayer true)
      (linewidth 0.100000)
      (plotframeref false)
      (viasonmask false)
      (mode 1)
      (useauxorigin false)
      (hpglpennumber 1)
      (hpglpenspeed 20)
      (hpglpendiameter 15.000000)
      (psnegative false)
      (psa4output false)
      (plotreference true)
      (plotvalue true)
      (plotinvisibletext false)
      (padsonsilk false)
      (subtractmaskfromsilk false)
      (outputformat 1)
      (mirror false)
      (drillshape 0)
      (scaleselection 1)
      (outputdirectory "gerber/"))
  )

  (net 0 "")
  (net 1 GND)
  (net 2 +3V3)
  (net 3 /RESET)
  (net 4 /MOSI)
  (net 5 /MISO)
  (net 6 /SCK)
  (net 7 /CS)
  (net 8 /SWCLK)
  (net 9 /SWDIO)
  (net 10 "Net-(J104-PadA7)")
  (net 11 "Net-(J104-PadA6)")
  (net 12 "Net-(J104-PadB5)")
  (net 13 "Net-(J104-PadA5)")
  (net 14 "Net-(R102-Pad1)")
  (net 15 "Net-(R103-Pad1)")
  (net 16 /BUT1)
  (net 17 /BUT2)
  (net 18 "Net-(R106-Pad1)")
  (net 19 "Net-(R107-Pad1)")
  (net 20 /BUT3)
  (net 21 /BUT4)
  (net 22 /USB-)
  (net 23 /USB+)
  (net 24 /SDA)
  (net 25 /SCL)
  (net 26 /UART2TX)
  (net 27 /UART2RX)
  (net 28 "Net-(D101-Pad2)")
  (net 29 "Net-(D102-Pad2)")
  (net 30 "Net-(D103-Pad2)")
  (net 31 "Net-(R114-Pad1)")
  (net 32 "Net-(R115-Pad1)")
  (net 33 "Net-(R116-Pad1)")
  (net 34 /VUSB)
  (net 35 "Net-(D104-Pad2)")
  (net 36 "Net-(D105-Pad2)")
  (net 37 "Net-(J102-Pad1)")
  (net 38 /TX1)
  (net 39 /RX1)
  (net 40 /PB2)
  (net 41 /PA15)
  (net 42 /PA0)
  (net 43 "Net-(R117-Pad1)")
  (net 44 "Net-(R118-Pad2)")
  (net 45 "Net-(R119-Pad2)")
  (net 46 "Net-(SW105-Pad1)")

  (net_class Default "This is the default net class."
    (clearance 0.2)
    (trace_width 0.25)
    (via_dia 0.8)
    (via_drill 0.4)
    (uvia_dia 0.3)
    (uvia_drill 0.1)
    (add_net +3V3)
    (add_net /BUT1)
    (add_net /BUT2)
    (add_net /BUT3)
    (add_net /BUT4)
    (add_net /CS)
    (add_net /MISO)
    (add_net /MOSI)
    (add_net /PA0)
    (add_net /PA15)
    (add_net /PB2)
    (add_net /RESET)
    (add_net /RX1)
    (add_net /SCK)
    (add_net /SCL)
    (add_net /SDA)
    (add_net /SWCLK)
    (add_net /SWDIO)
    (add_net /TX1)
    (add_net /UART2RX)
    (add_net /UART2TX)
    (add_net /USB+)
    (add_net /USB-)
    (add_net /VUSB)
    (add_net GND)
    (add_net "Net-(D101-Pad2)")
    (add_net "Net-(D102-Pad2)")
    (add_net "Net-(D103-Pad2)")
    (add_net "Net-(D104-Pad2)")
    (add_net "Net-(D105-Pad2)")
    (add_net "Net-(J102-Pad1)")
    (add_net "Net-(J104-PadA5)")
    (add_net "Net-(J104-PadA6)")
    (add_net "Net-(J104-PadA7)")
    (add_net "Net-(J104-PadB5)")
    (add_net "Net-(R102-Pad1)")
    (add_net "Net-(R103-Pad1)")
    (add_net "Net-(R106-Pad1)")
    (add_net "Net-(R107-Pad1)")
    (add_net "Net-(R114-Pad1)")
    (add_net "Net-(R115-Pad1)")
    (add_net "Net-(R116-Pad1)")
    (add_net "Net-(R117-Pad1)")
    (add_net "Net-(R118-Pad2)")
    (add_net "Net-(R119-Pad2)")
    (add_net "Net-(SW105-Pad1)")
  )

  (module Capacitor_SMD:C_0603_1608Metric (layer B.Cu) (tedit 5F68FEEE) (tstamp 62CAFC52)
    (at 88.225 79 180)
    (descr "Capacitor SMD 0603 (1608 Metric), square (rectangular) end terminal, IPC_7351 nominal, (Body size source: IPC-SM-782 page 76, https://www.pcb-3d.com/wordpress/wp-content/uploads/ipc-sm-782a_amendment_1_and_2.pdf), generated with kicad-footprint-generator")
    (tags capacitor)
    (path /62CB7D71)
    (attr smd)
    (fp_text reference C101 (at -0.025 -0.85) (layer B.SilkS)
      (effects (font (size 0.5 0.5) (thickness 0.125)) (justify mirror))
    )
    (fp_text value 100nF (at -0.275 -1.5) (layer B.Fab)
      (effects (font (size 1 1) (thickness 0.15)) (justify mirror))
    )
    (fp_line (start -0.8 -0.4) (end -0.8 0.4) (layer B.Fab) (width 0.1))
    (fp_line (start -0.8 0.4) (end 0.8 0.4) (layer B.Fab) (width 0.1))
    (fp_line (start 0.8 0.4) (end 0.8 -0.4) (layer B.Fab) (width 0.1))
    (fp_line (start 0.8 -0.4) (end -0.8 -0.4) (layer B.Fab) (width 0.1))
    (fp_line (start -0.14058 0.51) (end 0.14058 0.51) (layer B.SilkS) (width 0.12))
    (fp_line (start -0.14058 -0.51) (end 0.14058 -0.51) (layer B.SilkS) (width 0.12))
    (fp_line (start -1.48 -0.73) (end -1.48 0.73) (layer B.CrtYd) (width 0.05))
    (fp_line (start -1.48 0.73) (end 1.48 0.73) (layer B.CrtYd) (width 0.05))
    (fp_line (start 1.48 0.73) (end 1.48 -0.73) (layer B.CrtYd) (width 0.05))
    (fp_line (start 1.48 -0.73) (end -1.48 -0.73) (layer B.CrtYd) (width 0.05))
    (fp_text user %R (at 0 0) (layer B.Fab)
      (effects (font (size 0.4 0.4) (thickness 0.06)) (justify mirror))
    )
    (pad 2 smd roundrect (at 0.775 0 180) (size 0.9 0.95) (layers B.Cu B.Paste B.Mask) (roundrect_rratio 0.25)
      (net 3 /RESET))
    (pad 1 smd roundrect (at -0.775 0 180) (size 0.9 0.95) (layers B.Cu B.Paste B.Mask) (roundrect_rratio 0.25)
      (net 1 GND))
    (model ${KISYS3DMOD}/Capacitor_SMD.3dshapes/C_0603_1608Metric.wrl
      (at (xyz 0 0 0))
      (scale (xyz 1 1 1))
      (rotate (xyz 0 0 0))
    )
  )

  (module Capacitor_SMD:C_0603_1608Metric (layer B.Cu) (tedit 5F68FEEE) (tstamp 62CAFC63)
    (at 79.5 49.775 270)
    (descr "Capacitor SMD 0603 (1608 Metric), square (rectangular) end terminal, IPC_7351 nominal, (Body size source: IPC-SM-782 page 76, https://www.pcb-3d.com/wordpress/wp-content/uploads/ipc-sm-782a_amendment_1_and_2.pdf), generated with kicad-footprint-generator")
    (tags capacitor)
    (path /62CB1AA2)
    (attr smd)
    (fp_text reference C102 (at 0.075 0.9 270) (layer B.SilkS)
      (effects (font (size 0.5 0.5) (thickness 0.125)) (justify mirror))
    )
    (fp_text value 100nF (at 0 -1.43 270) (layer B.Fab)
      (effects (font (size 1 1) (thickness 0.15)) (justify mirror))
    )
    (fp_line (start 1.48 -0.73) (end -1.48 -0.73) (layer B.CrtYd) (width 0.05))
    (fp_line (start 1.48 0.73) (end 1.48 -0.73) (layer B.CrtYd) (width 0.05))
    (fp_line (start -1.48 0.73) (end 1.48 0.73) (layer B.CrtYd) (width 0.05))
    (fp_line (start -1.48 -0.73) (end -1.48 0.73) (layer B.CrtYd) (width 0.05))
    (fp_line (start -0.14058 -0.51) (end 0.14058 -0.51) (layer B.SilkS) (width 0.12))
    (fp_line (start -0.14058 0.51) (end 0.14058 0.51) (layer B.SilkS) (width 0.12))
    (fp_line (start 0.8 -0.4) (end -0.8 -0.4) (layer B.Fab) (width 0.1))
    (fp_line (start 0.8 0.4) (end 0.8 -0.4) (layer B.Fab) (width 0.1))
    (fp_line (start -0.8 0.4) (end 0.8 0.4) (layer B.Fab) (width 0.1))
    (fp_line (start -0.8 -0.4) (end -0.8 0.4) (layer B.Fab) (width 0.1))
    (fp_text user %R (at 0 0 270) (layer B.Fab)
      (effects (font (size 0.4 0.4) (thickness 0.06)) (justify mirror))
    )
    (pad 1 smd roundrect (at -0.775 0 270) (size 0.9 0.95) (layers B.Cu B.Paste B.Mask) (roundrect_rratio 0.25)
      (net 1 GND))
    (pad 2 smd roundrect (at 0.775 0 270) (size 0.9 0.95) (layers B.Cu B.Paste B.Mask) (roundrect_rratio 0.25)
      (net 2 +3V3))
    (model ${KISYS3DMOD}/Capacitor_SMD.3dshapes/C_0603_1608Metric.wrl
      (at (xyz 0 0 0))
      (scale (xyz 1 1 1))
      (rotate (xyz 0 0 0))
    )
  )

  (module Resistor_SMD:R_0603_1608Metric (layer B.Cu) (tedit 5F68FEEE) (tstamp 62CAFC85)
    (at 88.275 77 180)
    (descr "Resistor SMD 0603 (1608 Metric), square (rectangular) end terminal, IPC_7351 nominal, (Body size source: IPC-SM-782 page 72, https://www.pcb-3d.com/wordpress/wp-content/uploads/ipc-sm-782a_amendment_1_and_2.pdf), generated with kicad-footprint-generator")
    (tags resistor)
    (path /62CB5832)
    (attr smd)
    (fp_text reference R101 (at -0.125 1.2) (layer B.SilkS)
      (effects (font (size 0.5 0.5) (thickness 0.125)) (justify mirror))
    )
    (fp_text value 10k (at 0 -1.43) (layer B.Fab)
      (effects (font (size 1 1) (thickness 0.15)) (justify mirror))
    )
    (fp_line (start 1.48 -0.73) (end -1.48 -0.73) (layer B.CrtYd) (width 0.05))
    (fp_line (start 1.48 0.73) (end 1.48 -0.73) (layer B.CrtYd) (width 0.05))
    (fp_line (start -1.48 0.73) (end 1.48 0.73) (layer B.CrtYd) (width 0.05))
    (fp_line (start -1.48 -0.73) (end -1.48 0.73) (layer B.CrtYd) (width 0.05))
    (fp_line (start -0.237258 -0.5225) (end 0.237258 -0.5225) (layer B.SilkS) (width 0.12))
    (fp_line (start -0.237258 0.5225) (end 0.237258 0.5225) (layer B.SilkS) (width 0.12))
    (fp_line (start 0.8 -0.4125) (end -0.8 -0.4125) (layer B.Fab) (width 0.1))
    (fp_line (start 0.8 0.4125) (end 0.8 -0.4125) (layer B.Fab) (width 0.1))
    (fp_line (start -0.8 0.4125) (end 0.8 0.4125) (layer B.Fab) (width 0.1))
    (fp_line (start -0.8 -0.4125) (end -0.8 0.4125) (layer B.Fab) (width 0.1))
    (fp_text user %R (at 0 0) (layer B.Fab)
      (effects (font (size 0.4 0.4) (thickness 0.06)) (justify mirror))
    )
    (pad 1 smd roundrect (at -0.825 0 180) (size 0.8 0.95) (layers B.Cu B.Paste B.Mask) (roundrect_rratio 0.25)
      (net 2 +3V3))
    (pad 2 smd roundrect (at 0.825 0 180) (size 0.8 0.95) (layers B.Cu B.Paste B.Mask) (roundrect_rratio 0.25)
      (net 3 /RESET))
    (model ${KISYS3DMOD}/Resistor_SMD.3dshapes/R_0603_1608Metric.wrl
      (at (xyz 0 0 0))
      (scale (xyz 1 1 1))
      (rotate (xyz 0 0 0))
    )
  )

  (module 27sharp:RAK3172 (layer B.Cu) (tedit 62CA968F) (tstamp 62CAFCC1)
    (at 86.5 60.5 270)
    (descr "RAK4260 LoRaWAN module from RAKwireless.")
    (path /62CA9669)
    (fp_text reference U101 (at 0.675 1.125 180) (layer B.SilkS)
      (effects (font (size 0.5 0.5) (thickness 0.125)) (justify mirror))
    )
    (fp_text value RAK3172 (at 7.4 9.6 90) (layer B.Fab)
      (effects (font (size 0.787402 0.787402) (thickness 0.15)) (justify mirror))
    )
    (fp_line (start 3.8 13.3) (end 3.3 13.3) (layer B.SilkS) (width 0.127))
    (fp_line (start 0.6 13.3) (end 1.1 13.3) (layer B.SilkS) (width 0.127))
    (fp_line (start 1.7 11.3) (end 1.7 11.7) (layer B.SilkS) (width 0.127))
    (fp_line (start 2.8 11.3) (end 2.8 11.7) (layer B.SilkS) (width 0.127))
    (fp_line (start 3.8 12.1) (end 3.3 12.1) (layer B.SilkS) (width 0.127))
    (fp_line (start 1.1 11.7) (end 1.1 12.1) (layer B.SilkS) (width 0.127))
    (fp_line (start 1.7 11.7) (end 1.1 11.7) (layer B.SilkS) (width 0.127))
    (fp_line (start 2.8 11.7) (end 1.7 11.7) (layer B.SilkS) (width 0.127))
    (fp_line (start 3.3 11.7) (end 2.8 11.7) (layer B.SilkS) (width 0.127))
    (fp_line (start 3.3 12.1) (end 3.3 11.7) (layer B.SilkS) (width 0.127))
    (fp_line (start 3.3 13.3) (end 3.3 12.1) (layer B.SilkS) (width 0.127))
    (fp_line (start 3.3 13.7) (end 3.3 13.3) (layer B.SilkS) (width 0.127))
    (fp_line (start 1.1 13.7) (end 3.3 13.7) (layer B.SilkS) (width 0.127))
    (fp_line (start 1.1 13.3) (end 1.1 13.7) (layer B.SilkS) (width 0.127))
    (fp_line (start 1.1 12.1) (end 1.1 13.3) (layer B.SilkS) (width 0.127))
    (fp_line (start 1.7 11.3) (end 2.8 11.3) (layer B.SilkS) (width 0.127))
    (fp_line (start 0.6 12.1) (end 0.6 13.3) (layer B.SilkS) (width 0.127))
    (fp_line (start 1.1 12.1) (end 0.6 12.1) (layer B.SilkS) (width 0.127))
    (fp_line (start 3.8 13.3) (end 3.8 12.1) (layer B.SilkS) (width 0.127))
    (fp_line (start 0 15) (end 0 0) (layer B.SilkS) (width 0.127))
    (fp_line (start 15.5 15) (end 0 15) (layer B.SilkS) (width 0.127))
    (fp_line (start 15.5 0) (end 15.5 15) (layer B.SilkS) (width 0.127))
    (fp_line (start 0 0) (end 15.5 0) (layer B.SilkS) (width 0.127))
    (fp_circle (center 2.2 12.7) (end 2.907106 12.7) (layer B.SilkS) (width 0.127))
    (pad 32 smd rect (at 15.165 10.99 90) (size 1.8 0.7) (layers B.Cu B.Paste B.Mask)
      (net 32 "Net-(R115-Pad1)"))
    (pad 31 smd rect (at 15.165 9.99 90) (size 1.8 0.7) (layers B.Cu B.Paste B.Mask)
      (net 31 "Net-(R114-Pad1)"))
    (pad 30 smd rect (at 15.165 8.99 90) (size 1.8 0.7) (layers B.Cu B.Paste B.Mask)
      (net 33 "Net-(R116-Pad1)"))
    (pad 29 smd rect (at 15.165 7.99 90) (size 1.8 0.7) (layers B.Cu B.Paste B.Mask)
      (net 42 /PA0))
    (pad 28 smd rect (at 15.165 6.99 90) (size 1.8 0.7) (layers B.Cu B.Paste B.Mask)
      (net 1 GND))
    (pad 27 smd rect (at 15.165 5.99 90) (size 1.8 0.7) (layers B.Cu B.Paste B.Mask))
    (pad 26 smd rect (at 15.165 4.99 90) (size 1.8 0.7) (layers B.Cu B.Paste B.Mask)
      (net 40 /PB2))
    (pad 25 smd rect (at 15.165 3.99 90) (size 1.8 0.7) (layers B.Cu B.Paste B.Mask)
      (net 21 /BUT4))
    (pad 24 smd rect (at 13.5 0.145 180) (size 1.8 0.7) (layers B.Cu B.Paste B.Mask)
      (net 2 +3V3))
    (pad 23 smd rect (at 12.5 0.145 180) (size 1.8 0.7) (layers B.Cu B.Paste B.Mask)
      (net 1 GND))
    (pad 22 smd rect (at 11.5 0.145 180) (size 1.8 0.7) (layers B.Cu B.Paste B.Mask)
      (net 3 /RESET))
    (pad 21 smd rect (at 10.5 0.145 180) (size 1.8 0.7) (layers B.Cu B.Paste B.Mask)
      (net 46 "Net-(SW105-Pad1)"))
    (pad 20 smd rect (at 9.5 0.145 180) (size 1.8 0.7) (layers B.Cu B.Paste B.Mask)
      (net 20 /BUT3))
    (pad 19 smd rect (at 4.5 0.145 180) (size 1.8 0.7) (layers B.Cu B.Paste B.Mask)
      (net 17 /BUT2))
    (pad 18 smd rect (at 3.5 0.145 180) (size 1.8 0.7) (layers B.Cu B.Paste B.Mask)
      (net 1 GND))
    (pad 17 smd rect (at 2.5 0.145 180) (size 1.8 0.7) (layers B.Cu B.Paste B.Mask)
      (net 1 GND))
    (pad 16 smd rect (at 0.365 3.99 90) (size 1.8 0.7) (layers B.Cu B.Paste B.Mask)
      (net 7 /CS))
    (pad 15 smd rect (at 0.365 4.99 90) (size 1.8 0.7) (layers B.Cu B.Paste B.Mask)
      (net 6 /SCK))
    (pad 14 smd rect (at 0.365 5.99 90) (size 1.8 0.7) (layers B.Cu B.Paste B.Mask)
      (net 5 /MISO))
    (pad 13 smd rect (at 0.365 6.99 90) (size 1.8 0.7) (layers B.Cu B.Paste B.Mask)
      (net 4 /MOSI))
    (pad 12 smd rect (at 2.5 14.945 180) (size 1.8 0.7) (layers B.Cu B.Paste B.Mask)
      (net 37 "Net-(J102-Pad1)"))
    (pad 11 smd rect (at 3.5 14.945 180) (size 1.8 0.7) (layers B.Cu B.Paste B.Mask)
      (net 1 GND))
    (pad 10 smd rect (at 4.5 14.945 180) (size 1.8 0.7) (layers B.Cu B.Paste B.Mask)
      (net 24 /SDA))
    (pad 9 smd rect (at 5.5 14.945 180) (size 1.8 0.7) (layers B.Cu B.Paste B.Mask)
      (net 25 /SCL))
    (pad 8 smd rect (at 6.5 14.945 180) (size 1.8 0.7) (layers B.Cu B.Paste B.Mask)
      (net 8 /SWCLK))
    (pad 7 smd rect (at 7.5 14.945 180) (size 1.8 0.7) (layers B.Cu B.Paste B.Mask)
      (net 9 /SWDIO))
    (pad 6 smd rect (at 8.5 14.945 180) (size 1.8 0.7) (layers B.Cu B.Paste B.Mask)
      (net 16 /BUT1))
    (pad 5 smd rect (at 9.5 14.945 180) (size 1.8 0.7) (layers B.Cu B.Paste B.Mask)
      (net 39 /RX1))
    (pad 4 smd rect (at 10.5 14.945 180) (size 1.8 0.7) (layers B.Cu B.Paste B.Mask)
      (net 38 /TX1))
    (pad 3 smd rect (at 11.5 14.945 180) (size 1.8 0.7) (layers B.Cu B.Paste B.Mask)
      (net 41 /PA15))
    (pad 2 smd rect (at 12.5 14.945 180) (size 1.8 0.7) (layers B.Cu B.Paste B.Mask)
      (net 26 /UART2TX))
    (pad 1 smd rect (at 13.5 14.945 180) (size 1.8 0.7) (layers B.Cu B.Paste B.Mask)
      (net 27 /UART2RX))
    (model C:/Users/ccadic/CloudStation/RPIPIZERO2W-MEMORYLCD/MemoryBrakoutKeyboard/rak3172/RAK3172.step
      (offset (xyz 15.5 0 1))
      (scale (xyz 1 1 1))
      (rotate (xyz 0 0 -90))
    )
  )

  (module Capacitor_SMD:C_0603_1608Metric (layer B.Cu) (tedit 5F68FEEE) (tstamp 62CB123C)
    (at 82.2 56.975 270)
    (descr "Capacitor SMD 0603 (1608 Metric), square (rectangular) end terminal, IPC_7351 nominal, (Body size source: IPC-SM-782 page 76, https://www.pcb-3d.com/wordpress/wp-content/uploads/ipc-sm-782a_amendment_1_and_2.pdf), generated with kicad-footprint-generator")
    (tags capacitor)
    (path /62CC6869)
    (attr smd)
    (fp_text reference C104 (at -0.025 -0.9 270) (layer B.SilkS)
      (effects (font (size 0.5 0.5) (thickness 0.125)) (justify mirror))
    )
    (fp_text value 100nF (at 0 -1.43 270) (layer B.Fab)
      (effects (font (size 1 1) (thickness 0.15)) (justify mirror))
    )
    (fp_line (start -0.8 -0.4) (end -0.8 0.4) (layer B.Fab) (width 0.1))
    (fp_line (start -0.8 0.4) (end 0.8 0.4) (layer B.Fab) (width 0.1))
    (fp_line (start 0.8 0.4) (end 0.8 -0.4) (layer B.Fab) (width 0.1))
    (fp_line (start 0.8 -0.4) (end -0.8 -0.4) (layer B.Fab) (width 0.1))
    (fp_line (start -0.14058 0.51) (end 0.14058 0.51) (layer B.SilkS) (width 0.12))
    (fp_line (start -0.14058 -0.51) (end 0.14058 -0.51) (layer B.SilkS) (width 0.12))
    (fp_line (start -1.48 -0.73) (end -1.48 0.73) (layer B.CrtYd) (width 0.05))
    (fp_line (start -1.48 0.73) (end 1.48 0.73) (layer B.CrtYd) (width 0.05))
    (fp_line (start 1.48 0.73) (end 1.48 -0.73) (layer B.CrtYd) (width 0.05))
    (fp_line (start 1.48 -0.73) (end -1.48 -0.73) (layer B.CrtYd) (width 0.05))
    (fp_text user %R (at 0 0 270) (layer B.Fab)
      (effects (font (size 0.4 0.4) (thickness 0.06)) (justify mirror))
    )
    (pad 1 smd roundrect (at -0.775 0 270) (size 0.9 0.95) (layers B.Cu B.Paste B.Mask) (roundrect_rratio 0.25)
      (net 1 GND))
    (pad 2 smd roundrect (at 0.775 0 270) (size 0.9 0.95) (layers B.Cu B.Paste B.Mask) (roundrect_rratio 0.25)
      (net 2 +3V3))
    (model ${KISYS3DMOD}/Capacitor_SMD.3dshapes/C_0603_1608Metric.wrl
      (at (xyz 0 0 0))
      (scale (xyz 1 1 1))
      (rotate (xyz 0 0 0))
    )
  )

  (module Capacitor_SMD:C_0603_1608Metric (layer B.Cu) (tedit 5F68FEEE) (tstamp 62CB124D)
    (at 84.4 57 270)
    (descr "Capacitor SMD 0603 (1608 Metric), square (rectangular) end terminal, IPC_7351 nominal, (Body size source: IPC-SM-782 page 76, https://www.pcb-3d.com/wordpress/wp-content/uploads/ipc-sm-782a_amendment_1_and_2.pdf), generated with kicad-footprint-generator")
    (tags capacitor)
    (path /62CC1E25)
    (attr smd)
    (fp_text reference C105 (at 0 -1.2 90) (layer B.SilkS)
      (effects (font (size 0.5 0.5) (thickness 0.125)) (justify mirror))
    )
    (fp_text value 100nF (at 0 -1.43 90) (layer B.Fab)
      (effects (font (size 1 1) (thickness 0.15)) (justify mirror))
    )
    (fp_line (start 1.48 -0.73) (end -1.48 -0.73) (layer B.CrtYd) (width 0.05))
    (fp_line (start 1.48 0.73) (end 1.48 -0.73) (layer B.CrtYd) (width 0.05))
    (fp_line (start -1.48 0.73) (end 1.48 0.73) (layer B.CrtYd) (width 0.05))
    (fp_line (start -1.48 -0.73) (end -1.48 0.73) (layer B.CrtYd) (width 0.05))
    (fp_line (start -0.14058 -0.51) (end 0.14058 -0.51) (layer B.SilkS) (width 0.12))
    (fp_line (start -0.14058 0.51) (end 0.14058 0.51) (layer B.SilkS) (width 0.12))
    (fp_line (start 0.8 -0.4) (end -0.8 -0.4) (layer B.Fab) (width 0.1))
    (fp_line (start 0.8 0.4) (end 0.8 -0.4) (layer B.Fab) (width 0.1))
    (fp_line (start -0.8 0.4) (end 0.8 0.4) (layer B.Fab) (width 0.1))
    (fp_line (start -0.8 -0.4) (end -0.8 0.4) (layer B.Fab) (width 0.1))
    (fp_text user %R (at 0 0 90) (layer B.Fab)
      (effects (font (size 0.4 0.4) (thickness 0.06)) (justify mirror))
    )
    (pad 2 smd roundrect (at 0.775 0 270) (size 0.9 0.95) (layers B.Cu B.Paste B.Mask) (roundrect_rratio 0.25)
      (net 34 /VUSB))
    (pad 1 smd roundrect (at -0.775 0 270) (size 0.9 0.95) (layers B.Cu B.Paste B.Mask) (roundrect_rratio 0.25)
      (net 1 GND))
    (model ${KISYS3DMOD}/Capacitor_SMD.3dshapes/C_0603_1608Metric.wrl
      (at (xyz 0 0 0))
      (scale (xyz 1 1 1))
      (rotate (xyz 0 0 0))
    )
  )

  (module 27sharp:GT-USB-7010 (layer B.Cu) (tedit 600466F5) (tstamp 62CB128E)
    (at 75.184 42.672)
    (descr "USB TYPE C, RA RCPT PCB, SMT, https://github.com/arturo182/GT-USB-7010/raw/master/GT-USB-7010.pdf")
    (tags "USB C Type-C Receptacle SMD")
    (path /62CDAB53)
    (fp_text reference J104 (at -0.254 0.889) (layer B.SilkS) hide
      (effects (font (size 1 1) (thickness 0.15)) (justify mirror))
    )
    (fp_text value USB_C_Receptacle (at -9 16.5 270) (layer B.Fab) hide
      (effects (font (size 1 1) (thickness 0.15)) (justify mirror))
    )
    (fp_line (start -4.47 3.425) (end 4.47 3.425) (layer B.Fab) (width 0.12))
    (fp_line (start 4.47 3.425) (end 4.47 -4.525) (layer B.Fab) (width 0.12))
    (fp_line (start 4.47 -4.525) (end -4.47 -4.525) (layer B.Fab) (width 0.12))
    (fp_line (start -4.47 3.425) (end -4.47 -4.525) (layer B.Fab) (width 0.12))
    (fp_line (start 4.6 -4.65) (end -4.6 -4.65) (layer B.SilkS) (width 0.15))
    (fp_line (start -4.6 -4.65) (end -4.6 -2.7) (layer B.SilkS) (width 0.15))
    (fp_line (start -4.6 -1.05) (end -4.6 1.25) (layer B.SilkS) (width 0.15))
    (fp_line (start 4.6 -4.65) (end 4.6 -2.7) (layer B.SilkS) (width 0.15))
    (fp_line (start 4.6 -1.05) (end 4.6 1.25) (layer B.SilkS) (width 0.15))
    (fp_line (start -5 4.6) (end 5 4.6) (layer B.CrtYd) (width 0.12))
    (fp_line (start 5 4.6) (end 5 -5.15) (layer B.CrtYd) (width 0.12))
    (fp_line (start -5 4.6) (end -5 -5.15) (layer B.CrtYd) (width 0.12))
    (fp_line (start -5 -5.15) (end 5 -5.15) (layer B.CrtYd) (width 0.12))
    (fp_text user REF* (at 0 0) (layer B.Fab)
      (effects (font (size 1 1) (thickness 0.1)) (justify mirror))
    )
    (pad S1 thru_hole oval (at -4.32 -1.87) (size 1 1.6) (drill oval 0.6 1.2) (layers *.Cu *.Mask)
      (net 1 GND))
    (pad S1 thru_hole oval (at 4.32 -1.87) (size 1 1.6) (drill oval 0.6 1.2) (layers *.Cu *.Mask)
      (net 1 GND))
    (pad S1 thru_hole oval (at -4.32 2.31) (size 0.9 2.1) (drill oval 0.5 1.7) (layers *.Cu *.Mask)
      (net 1 GND))
    (pad S1 thru_hole oval (at 4.32 2.31) (size 0.9 2.1) (drill oval 0.5 1.7) (layers *.Cu *.Mask)
      (net 1 GND))
    (pad "" np_thru_hole circle (at -2.89 1.81) (size 0.65 0.65) (drill 0.65) (layers *.Cu *.Mask))
    (pad "" np_thru_hole circle (at 2.89 1.81) (size 0.65 0.65) (drill 0.65) (layers *.Cu *.Mask))
    (pad A7 smd rect (at 0.25 3.15) (size 0.3 1.75) (layers B.Cu B.Paste B.Mask)
      (net 10 "Net-(J104-PadA7)"))
    (pad B6 smd rect (at 0.75 3.15) (size 0.3 1.75) (layers B.Cu B.Paste B.Mask)
      (net 11 "Net-(J104-PadA6)"))
    (pad A8 smd rect (at 1.25 3.15) (size 0.3 1.75) (layers B.Cu B.Paste B.Mask))
    (pad B5 smd rect (at 1.75 3.15) (size 0.3 1.75) (layers B.Cu B.Paste B.Mask)
      (net 12 "Net-(J104-PadB5)"))
    (pad B7 smd rect (at -0.75 3.15) (size 0.3 1.75) (layers B.Cu B.Paste B.Mask)
      (net 10 "Net-(J104-PadA7)"))
    (pad B8 smd rect (at -1.75 3.15) (size 0.3 1.75) (layers B.Cu B.Paste B.Mask))
    (pad A5 smd rect (at -1.25 3.15) (size 0.3 1.75) (layers B.Cu B.Paste B.Mask)
      (net 13 "Net-(J104-PadA5)"))
    (pad A6 smd rect (at -0.25 3.15) (size 0.3 1.75) (layers B.Cu B.Paste B.Mask)
      (net 11 "Net-(J104-PadA6)"))
    (pad A1 smd rect (at -3.35 3.15) (size 0.3 1.75) (layers B.Cu B.Paste B.Mask)
      (net 1 GND))
    (pad B12 smd rect (at -3.05 3.15) (size 0.3 1.75) (layers B.Cu B.Paste B.Mask)
      (net 1 GND))
    (pad A4 smd rect (at -2.55 3.15) (size 0.3 1.75) (layers B.Cu B.Paste B.Mask)
      (net 34 /VUSB))
    (pad B9 smd rect (at -2.25 3.15) (size 0.3 1.75) (layers B.Cu B.Paste B.Mask)
      (net 34 /VUSB))
    (pad A9 smd rect (at 2.55 3.15) (size 0.3 1.75) (layers B.Cu B.Paste B.Mask)
      (net 34 /VUSB))
    (pad B4 smd rect (at 2.25 3.15) (size 0.3 1.75) (layers B.Cu B.Paste B.Mask)
      (net 34 /VUSB))
    (pad B1 smd rect (at 3.05 3.15) (size 0.3 1.75) (layers B.Cu B.Paste B.Mask)
      (net 1 GND))
    (pad A12 smd rect (at 3.35 3.15) (size 0.3 1.75) (layers B.Cu B.Paste B.Mask)
      (net 1 GND))
    (model "${KIPRJMOD}/USB Type C Port (SMD Type).STEP"
      (offset (xyz 0 2.75 1.5))
      (scale (xyz 1 1 1))
      (rotate (xyz -180 0 0))
    )
  )

  (module Resistor_SMD:R_0603_1608Metric_Pad0.98x0.95mm_HandSolder (layer B.Cu) (tedit 5F68FEEE) (tstamp 62CB129F)
    (at 87.9 54.6 180)
    (descr "Resistor SMD 0603 (1608 Metric), square (rectangular) end terminal, IPC_7351 nominal with elongated pad for handsoldering. (Body size source: IPC-SM-782 page 72, https://www.pcb-3d.com/wordpress/wp-content/uploads/ipc-sm-782a_amendment_1_and_2.pdf), generated with kicad-footprint-generator")
    (tags "resistor handsolder")
    (path /62D42FEF)
    (attr smd)
    (fp_text reference R102 (at 0 1.2) (layer B.SilkS)
      (effects (font (size 0.5 0.5) (thickness 0.125)) (justify mirror))
    )
    (fp_text value 10k (at 0 -1.43) (layer B.Fab)
      (effects (font (size 1 1) (thickness 0.15)) (justify mirror))
    )
    (fp_line (start 1.65 -0.73) (end -1.65 -0.73) (layer B.CrtYd) (width 0.05))
    (fp_line (start 1.65 0.73) (end 1.65 -0.73) (layer B.CrtYd) (width 0.05))
    (fp_line (start -1.65 0.73) (end 1.65 0.73) (layer B.CrtYd) (width 0.05))
    (fp_line (start -1.65 -0.73) (end -1.65 0.73) (layer B.CrtYd) (width 0.05))
    (fp_line (start -0.254724 -0.5225) (end 0.254724 -0.5225) (layer B.SilkS) (width 0.12))
    (fp_line (start -0.254724 0.5225) (end 0.254724 0.5225) (layer B.SilkS) (width 0.12))
    (fp_line (start 0.8 -0.4125) (end -0.8 -0.4125) (layer B.Fab) (width 0.1))
    (fp_line (start 0.8 0.4125) (end 0.8 -0.4125) (layer B.Fab) (width 0.1))
    (fp_line (start -0.8 0.4125) (end 0.8 0.4125) (layer B.Fab) (width 0.1))
    (fp_line (start -0.8 -0.4125) (end -0.8 0.4125) (layer B.Fab) (width 0.1))
    (fp_text user %R (at 0 0) (layer B.Fab)
      (effects (font (size 0.4 0.4) (thickness 0.06)) (justify mirror))
    )
    (pad 2 smd roundrect (at 0.9125 0 180) (size 0.975 0.95) (layers B.Cu B.Paste B.Mask) (roundrect_rratio 0.25)
      (net 1 GND))
    (pad 1 smd roundrect (at -0.9125 0 180) (size 0.975 0.95) (layers B.Cu B.Paste B.Mask) (roundrect_rratio 0.25)
      (net 14 "Net-(R102-Pad1)"))
    (model ${KISYS3DMOD}/Resistor_SMD.3dshapes/R_0603_1608Metric.wrl
      (at (xyz 0 0 0))
      (scale (xyz 1 1 1))
      (rotate (xyz 0 0 0))
    )
  )

  (module Resistor_SMD:R_0603_1608Metric_Pad0.98x0.95mm_HandSolder (layer B.Cu) (tedit 5F68FEEE) (tstamp 62CB12B0)
    (at 87.9 58.9)
    (descr "Resistor SMD 0603 (1608 Metric), square (rectangular) end terminal, IPC_7351 nominal with elongated pad for handsoldering. (Body size source: IPC-SM-782 page 72, https://www.pcb-3d.com/wordpress/wp-content/uploads/ipc-sm-782a_amendment_1_and_2.pdf), generated with kicad-footprint-generator")
    (tags "resistor handsolder")
    (path /62D4C98E)
    (attr smd)
    (fp_text reference R103 (at -0.025 1.025 180) (layer B.SilkS)
      (effects (font (size 0.5 0.5) (thickness 0.125)) (justify mirror))
    )
    (fp_text value 10k (at 0 -1.43 180) (layer B.Fab)
      (effects (font (size 1 1) (thickness 0.15)) (justify mirror))
    )
    (fp_line (start 1.65 -0.73) (end -1.65 -0.73) (layer B.CrtYd) (width 0.05))
    (fp_line (start 1.65 0.73) (end 1.65 -0.73) (layer B.CrtYd) (width 0.05))
    (fp_line (start -1.65 0.73) (end 1.65 0.73) (layer B.CrtYd) (width 0.05))
    (fp_line (start -1.65 -0.73) (end -1.65 0.73) (layer B.CrtYd) (width 0.05))
    (fp_line (start -0.254724 -0.5225) (end 0.254724 -0.5225) (layer B.SilkS) (width 0.12))
    (fp_line (start -0.254724 0.5225) (end 0.254724 0.5225) (layer B.SilkS) (width 0.12))
    (fp_line (start 0.8 -0.4125) (end -0.8 -0.4125) (layer B.Fab) (width 0.1))
    (fp_line (start 0.8 0.4125) (end 0.8 -0.4125) (layer B.Fab) (width 0.1))
    (fp_line (start -0.8 0.4125) (end 0.8 0.4125) (layer B.Fab) (width 0.1))
    (fp_line (start -0.8 -0.4125) (end -0.8 0.4125) (layer B.Fab) (width 0.1))
    (fp_text user %R (at 0 0 180) (layer B.Fab)
      (effects (font (size 0.4 0.4) (thickness 0.06)) (justify mirror))
    )
    (pad 2 smd roundrect (at 0.9125 0) (size 0.975 0.95) (layers B.Cu B.Paste B.Mask) (roundrect_rratio 0.25)
      (net 1 GND))
    (pad 1 smd roundrect (at -0.9125 0) (size 0.975 0.95) (layers B.Cu B.Paste B.Mask) (roundrect_rratio 0.25)
      (net 15 "Net-(R103-Pad1)"))
    (model ${KISYS3DMOD}/Resistor_SMD.3dshapes/R_0603_1608Metric.wrl
      (at (xyz 0 0 0))
      (scale (xyz 1 1 1))
      (rotate (xyz 0 0 0))
    )
  )

  (module Resistor_SMD:R_0603_1608Metric_Pad0.98x0.95mm_HandSolder (layer B.Cu) (tedit 5F68FEEE) (tstamp 62CB12C1)
    (at 72.2 77)
    (descr "Resistor SMD 0603 (1608 Metric), square (rectangular) end terminal, IPC_7351 nominal with elongated pad for handsoldering. (Body size source: IPC-SM-782 page 72, https://www.pcb-3d.com/wordpress/wp-content/uploads/ipc-sm-782a_amendment_1_and_2.pdf), generated with kicad-footprint-generator")
    (tags "resistor handsolder")
    (path /62D4334E)
    (attr smd)
    (fp_text reference R104 (at -1.55 -1.475 90) (layer B.SilkS)
      (effects (font (size 0.5 0.5) (thickness 0.125)) (justify mirror))
    )
    (fp_text value 1k (at 0 -1.43) (layer B.Fab)
      (effects (font (size 1 1) (thickness 0.15)) (justify mirror))
    )
    (fp_line (start -0.8 -0.4125) (end -0.8 0.4125) (layer B.Fab) (width 0.1))
    (fp_line (start -0.8 0.4125) (end 0.8 0.4125) (layer B.Fab) (width 0.1))
    (fp_line (start 0.8 0.4125) (end 0.8 -0.4125) (layer B.Fab) (width 0.1))
    (fp_line (start 0.8 -0.4125) (end -0.8 -0.4125) (layer B.Fab) (width 0.1))
    (fp_line (start -0.254724 0.5225) (end 0.254724 0.5225) (layer B.SilkS) (width 0.12))
    (fp_line (start -0.254724 -0.5225) (end 0.254724 -0.5225) (layer B.SilkS) (width 0.12))
    (fp_line (start -1.65 -0.73) (end -1.65 0.73) (layer B.CrtYd) (width 0.05))
    (fp_line (start -1.65 0.73) (end 1.65 0.73) (layer B.CrtYd) (width 0.05))
    (fp_line (start 1.65 0.73) (end 1.65 -0.73) (layer B.CrtYd) (width 0.05))
    (fp_line (start 1.65 -0.73) (end -1.65 -0.73) (layer B.CrtYd) (width 0.05))
    (fp_text user %R (at 0 0) (layer B.Fab)
      (effects (font (size 0.4 0.4) (thickness 0.06)) (justify mirror))
    )
    (pad 1 smd roundrect (at -0.9125 0) (size 0.975 0.95) (layers B.Cu B.Paste B.Mask) (roundrect_rratio 0.25)
      (net 16 /BUT1))
    (pad 2 smd roundrect (at 0.9125 0) (size 0.975 0.95) (layers B.Cu B.Paste B.Mask) (roundrect_rratio 0.25)
      (net 14 "Net-(R102-Pad1)"))
    (model ${KISYS3DMOD}/Resistor_SMD.3dshapes/R_0603_1608Metric.wrl
      (at (xyz 0 0 0))
      (scale (xyz 1 1 1))
      (rotate (xyz 0 0 0))
    )
  )

  (module Resistor_SMD:R_0603_1608Metric_Pad0.98x0.95mm_HandSolder locked (layer B.Cu) (tedit 5F68FEEE) (tstamp 62CB12D2)
    (at 87.9 56.9 180)
    (descr "Resistor SMD 0603 (1608 Metric), square (rectangular) end terminal, IPC_7351 nominal with elongated pad for handsoldering. (Body size source: IPC-SM-782 page 72, https://www.pcb-3d.com/wordpress/wp-content/uploads/ipc-sm-782a_amendment_1_and_2.pdf), generated with kicad-footprint-generator")
    (tags "resistor handsolder")
    (path /62D4C999)
    (attr smd)
    (fp_text reference R105 (at 0 -1.025) (layer B.SilkS)
      (effects (font (size 0.5 0.5) (thickness 0.125)) (justify mirror))
    )
    (fp_text value 1k (at 0 -1.43) (layer B.Fab)
      (effects (font (size 1 1) (thickness 0.15)) (justify mirror))
    )
    (fp_line (start -0.8 -0.4125) (end -0.8 0.4125) (layer B.Fab) (width 0.1))
    (fp_line (start -0.8 0.4125) (end 0.8 0.4125) (layer B.Fab) (width 0.1))
    (fp_line (start 0.8 0.4125) (end 0.8 -0.4125) (layer B.Fab) (width 0.1))
    (fp_line (start 0.8 -0.4125) (end -0.8 -0.4125) (layer B.Fab) (width 0.1))
    (fp_line (start -0.254724 0.5225) (end 0.254724 0.5225) (layer B.SilkS) (width 0.12))
    (fp_line (start -0.254724 -0.5225) (end 0.254724 -0.5225) (layer B.SilkS) (width 0.12))
    (fp_line (start -1.65 -0.73) (end -1.65 0.73) (layer B.CrtYd) (width 0.05))
    (fp_line (start -1.65 0.73) (end 1.65 0.73) (layer B.CrtYd) (width 0.05))
    (fp_line (start 1.65 0.73) (end 1.65 -0.73) (layer B.CrtYd) (width 0.05))
    (fp_line (start 1.65 -0.73) (end -1.65 -0.73) (layer B.CrtYd) (width 0.05))
    (fp_text user %R (at 0 0) (layer B.Fab)
      (effects (font (size 0.4 0.4) (thickness 0.06)) (justify mirror))
    )
    (pad 1 smd roundrect (at -0.9125 0 180) (size 0.975 0.95) (layers B.Cu B.Paste B.Mask) (roundrect_rratio 0.25)
      (net 17 /BUT2))
    (pad 2 smd roundrect (at 0.9125 0 180) (size 0.975 0.95) (layers B.Cu B.Paste B.Mask) (roundrect_rratio 0.25)
      (net 15 "Net-(R103-Pad1)"))
    (model ${KISYS3DMOD}/Resistor_SMD.3dshapes/R_0603_1608Metric.wrl
      (at (xyz 0 0 0))
      (scale (xyz 1 1 1))
      (rotate (xyz 0 0 0))
    )
  )

  (module Resistor_SMD:R_0603_1608Metric_Pad0.98x0.95mm_HandSolder (layer B.Cu) (tedit 5F68FEEE) (tstamp 62CB12E3)
    (at 87.9 49.9)
    (descr "Resistor SMD 0603 (1608 Metric), square (rectangular) end terminal, IPC_7351 nominal with elongated pad for handsoldering. (Body size source: IPC-SM-782 page 72, https://www.pcb-3d.com/wordpress/wp-content/uploads/ipc-sm-782a_amendment_1_and_2.pdf), generated with kicad-footprint-generator")
    (tags "resistor handsolder")
    (path /62D508C0)
    (attr smd)
    (fp_text reference R106 (at -0.075 -1.025) (layer B.SilkS)
      (effects (font (size 0.5 0.5) (thickness 0.125)) (justify mirror))
    )
    (fp_text value 10k (at 0 -1.43) (layer B.Fab)
      (effects (font (size 1 1) (thickness 0.15)) (justify mirror))
    )
    (fp_line (start 1.65 -0.73) (end -1.65 -0.73) (layer B.CrtYd) (width 0.05))
    (fp_line (start 1.65 0.73) (end 1.65 -0.73) (layer B.CrtYd) (width 0.05))
    (fp_line (start -1.65 0.73) (end 1.65 0.73) (layer B.CrtYd) (width 0.05))
    (fp_line (start -1.65 -0.73) (end -1.65 0.73) (layer B.CrtYd) (width 0.05))
    (fp_line (start -0.254724 -0.5225) (end 0.254724 -0.5225) (layer B.SilkS) (width 0.12))
    (fp_line (start -0.254724 0.5225) (end 0.254724 0.5225) (layer B.SilkS) (width 0.12))
    (fp_line (start 0.8 -0.4125) (end -0.8 -0.4125) (layer B.Fab) (width 0.1))
    (fp_line (start 0.8 0.4125) (end 0.8 -0.4125) (layer B.Fab) (width 0.1))
    (fp_line (start -0.8 0.4125) (end 0.8 0.4125) (layer B.Fab) (width 0.1))
    (fp_line (start -0.8 -0.4125) (end -0.8 0.4125) (layer B.Fab) (width 0.1))
    (fp_text user %R (at 0 0) (layer B.Fab)
      (effects (font (size 0.4 0.4) (thickness 0.06)) (justify mirror))
    )
    (pad 2 smd roundrect (at 0.9125 0) (size 0.975 0.95) (layers B.Cu B.Paste B.Mask) (roundrect_rratio 0.25)
      (net 1 GND))
    (pad 1 smd roundrect (at -0.9125 0) (size 0.975 0.95) (layers B.Cu B.Paste B.Mask) (roundrect_rratio 0.25)
      (net 18 "Net-(R106-Pad1)"))
    (model ${KISYS3DMOD}/Resistor_SMD.3dshapes/R_0603_1608Metric.wrl
      (at (xyz 0 0 0))
      (scale (xyz 1 1 1))
      (rotate (xyz 0 0 0))
    )
  )

  (module Resistor_SMD:R_0603_1608Metric_Pad0.98x0.95mm_HandSolder (layer B.Cu) (tedit 5F68FEEE) (tstamp 62CB12F4)
    (at 89 41 90)
    (descr "Resistor SMD 0603 (1608 Metric), square (rectangular) end terminal, IPC_7351 nominal with elongated pad for handsoldering. (Body size source: IPC-SM-782 page 72, https://www.pcb-3d.com/wordpress/wp-content/uploads/ipc-sm-782a_amendment_1_and_2.pdf), generated with kicad-footprint-generator")
    (tags "resistor handsolder")
    (path /62D508FA)
    (attr smd)
    (fp_text reference R107 (at 0.075 -1.025 90) (layer B.SilkS)
      (effects (font (size 0.5 0.5) (thickness 0.125)) (justify mirror))
    )
    (fp_text value 10k (at 0 -1.43 90) (layer B.Fab)
      (effects (font (size 1 1) (thickness 0.15)) (justify mirror))
    )
    (fp_line (start 1.65 -0.73) (end -1.65 -0.73) (layer B.CrtYd) (width 0.05))
    (fp_line (start 1.65 0.73) (end 1.65 -0.73) (layer B.CrtYd) (width 0.05))
    (fp_line (start -1.65 0.73) (end 1.65 0.73) (layer B.CrtYd) (width 0.05))
    (fp_line (start -1.65 -0.73) (end -1.65 0.73) (layer B.CrtYd) (width 0.05))
    (fp_line (start -0.254724 -0.5225) (end 0.254724 -0.5225) (layer B.SilkS) (width 0.12))
    (fp_line (start -0.254724 0.5225) (end 0.254724 0.5225) (layer B.SilkS) (width 0.12))
    (fp_line (start 0.8 -0.4125) (end -0.8 -0.4125) (layer B.Fab) (width 0.1))
    (fp_line (start 0.8 0.4125) (end 0.8 -0.4125) (layer B.Fab) (width 0.1))
    (fp_line (start -0.8 0.4125) (end 0.8 0.4125) (layer B.Fab) (width 0.1))
    (fp_line (start -0.8 -0.4125) (end -0.8 0.4125) (layer B.Fab) (width 0.1))
    (fp_text user %R (at 0 0 90) (layer B.Fab)
      (effects (font (size 0.4 0.4) (thickness 0.06)) (justify mirror))
    )
    (pad 2 smd roundrect (at 0.9125 0 90) (size 0.975 0.95) (layers B.Cu B.Paste B.Mask) (roundrect_rratio 0.25)
      (net 1 GND))
    (pad 1 smd roundrect (at -0.9125 0 90) (size 0.975 0.95) (layers B.Cu B.Paste B.Mask) (roundrect_rratio 0.25)
      (net 19 "Net-(R107-Pad1)"))
    (model ${KISYS3DMOD}/Resistor_SMD.3dshapes/R_0603_1608Metric.wrl
      (at (xyz 0 0 0))
      (scale (xyz 1 1 1))
      (rotate (xyz 0 0 0))
    )
  )

  (module Resistor_SMD:R_0603_1608Metric_Pad0.98x0.95mm_HandSolder (layer B.Cu) (tedit 5F68FEEE) (tstamp 62CB1305)
    (at 87.9 52.235)
    (descr "Resistor SMD 0603 (1608 Metric), square (rectangular) end terminal, IPC_7351 nominal with elongated pad for handsoldering. (Body size source: IPC-SM-782 page 72, https://www.pcb-3d.com/wordpress/wp-content/uploads/ipc-sm-782a_amendment_1_and_2.pdf), generated with kicad-footprint-generator")
    (tags "resistor handsolder")
    (path /62D508CB)
    (attr smd)
    (fp_text reference R108 (at -0.025 -1.035) (layer B.SilkS)
      (effects (font (size 0.5 0.5) (thickness 0.125)) (justify mirror))
    )
    (fp_text value 1k (at 0 -1.43) (layer B.Fab)
      (effects (font (size 1 1) (thickness 0.15)) (justify mirror))
    )
    (fp_line (start -0.8 -0.4125) (end -0.8 0.4125) (layer B.Fab) (width 0.1))
    (fp_line (start -0.8 0.4125) (end 0.8 0.4125) (layer B.Fab) (width 0.1))
    (fp_line (start 0.8 0.4125) (end 0.8 -0.4125) (layer B.Fab) (width 0.1))
    (fp_line (start 0.8 -0.4125) (end -0.8 -0.4125) (layer B.Fab) (width 0.1))
    (fp_line (start -0.254724 0.5225) (end 0.254724 0.5225) (layer B.SilkS) (width 0.12))
    (fp_line (start -0.254724 -0.5225) (end 0.254724 -0.5225) (layer B.SilkS) (width 0.12))
    (fp_line (start -1.65 -0.73) (end -1.65 0.73) (layer B.CrtYd) (width 0.05))
    (fp_line (start -1.65 0.73) (end 1.65 0.73) (layer B.CrtYd) (width 0.05))
    (fp_line (start 1.65 0.73) (end 1.65 -0.73) (layer B.CrtYd) (width 0.05))
    (fp_line (start 1.65 -0.73) (end -1.65 -0.73) (layer B.CrtYd) (width 0.05))
